LOAD data/file2.txt
NN -88 73 
RS 42 44 7 24 
NN 90 2 
RS 68 83 -32 -18 
NN -8 16 
RS 13 32 62 72 
NN 75 -7 
RS 56 63 -89 -82 
NN 83 -65 
RS -8 -4 95 96 
NN 11 76 
RS -95 -91 44 53 
NN 97 -72 
RS 81 95 99 99 
NN -97 94 
RS 27 42 -76 -65 
NN -74 47 
RS 41 47 68 73 
NN -31 57 
RS 81 90 -98 -87 
NN 41 -49 
RS 80 94 -53 -38 
NN 37 55 
RS -46 -34 80 100 
NN 47 -19 
RS -17 -5 92 98 
NN -69 52 
RS -8 6 96 100 
NN -61 -77 
RS -83 -72 89 92 
NN -97 45 
RS 83 99 -34 -20 
NN 30 -4 
RS -10 -5 37 40 
NN 17 -84 
RS -32 -13 -100 -83 
NN 18 -77 
RS -42 -33 -82 -78 
NN -66 56 
RS -34 -32 -47 -45 
EXIT
