LOAD data/file4.txt
NN 97 50 
RS 99 100 63 71 
NN -80 -19 
RS 20 25 -98 -94 
NN 42 -74 
RS -81 -77 19 22 
NN -27 -34 
RS 100 100 -62 -61 
NN -4 -32 
RS -59 -40 3 11 
NN -44 -41 
RS -95 -78 -68 -64 
NN 26 71 
RS 98 100 86 96 
NN -76 76 
RS 36 48 -41 -37 
NN 69 14 
RS -84 -66 97 99 
NN 5 -30 
RS 72 83 64 68 
NN 53 59 
RS -85 -71 38 38 
NN 44 98 
RS -9 10 -40 -30 
NN 3 -61 
RS 54 61 83 94 
NN 87 -64 
RS 54 54 -70 -56 
NN -95 -20 
RS 73 76 55 75 
NN 6 -4 
RS 44 55 -60 -52 
NN -26 6 
RS 63 66 -42 -31 
NN 55 9 
RS 92 95 37 40 
NN -70 -54 
RS -98 -93 25 29 
NN -35 -98 
RS 31 41 -33 -23 
NN 8 -86 
RS 21 29 -2 -2 
NN 52 69 
RS 42 53 85 100 
NN 2 -14 
RS 31 38 41 42 
NN 91 90 
RS -88 -88 -47 -31 
NN -70 7 
RS 28 39 -98 -81 
NN -87 67 
RS 10 10 1 20 
NN -40 -4 
RS 45 50 -91 -90 
NN 55 71 
RS -86 -79 82 92 
NN 91 84 
RS 78 80 49 51 
NN 87 18 
RS 27 39 -57 -49 
NN 45 -18 
RS 20 40 35 53 
NN -46 17 
RS -60 -58 37 49 
NN -78 -27 
RS -35 -17 30 46 
NN -28 -54 
RS -93 -79 0 18 
NN -77 21 
RS -50 -31 52 72 
NN 69 79 
RS 96 100 83 92 
NN 9 -88 
RS -62 -58 -15 -3 
NN -13 47 
RS 93 97 56 59 
NN -25 -67 
RS 83 90 -15 4 
NN -40 -53 
RS 52 69 -100 -92 
NN 87 12 
RS -57 -48 35 40 
NN 12 -16 
RS -43 -40 41 59 
NN 4 -19 
RS 27 41 61 78 
NN -3 -50 
RS -89 -75 -26 -18 
NN -67 65 
RS -75 -66 -87 -72 
NN 2 -66 
RS -77 -57 52 60 
NN 73 14 
RS -70 -70 7 26 
NN 16 -76 
RS 38 39 -94 -81 
NN -64 76 
RS 95 95 70 83 
NN 40 44 
RS 47 50 -68 -50 
EXIT
