LOAD data/file6.txt
NN 8301 974 -8069 
RS -4085 -4080 -8716 -8701 6336 6350 
NN -6095 -6763 -8308 
RS -7235 -7218 -9915 -9914 -4696 -4678 
NN -7808 -286 -7311 
RS 1293 1301 -6237 -6237 2594 2612 
NN -4333 305 704 
RS 1904 1915 7479 7489 6973 6992 
NN 5386 -5915 -5071 
RS 267 270 1563 1567 -3802 -3784 
NN -7691 3151 -7617 
RS -193 -181 -9422 -9411 -2830 -2814 
NN -3636 -508 9557 
RS -4190 -4170 1298 1315 -7761 -7750 
NN -1569 9058 8136 
RS 9142 9143 3228 3233 -9330 -9315 
NN -8279 -5670 -7196 
RS 6004 6024 -1592 -1585 571 576 
NN -517 -9273 -9367 
RS 5629 5647 2506 2526 -1917 -1909 
NN 6098 -610 -7587 
RS 3236 3250 3105 3106 -6970 -6953 
NN 5555 1553 -6939 
RS 4033 4037 2518 2537 1363 1375 
NN -326 -2904 2875 
RS -2833 -2823 7586 7592 -8286 -8276 
NN -4172 1137 8246 
RS -6194 -6179 -2318 -2313 2 9 
NN 4151 -5816 6432 
RS 673 691 -8400 -8381 7032 7050 
NN 3459 7415 -6997 
RS -9173 -9171 227 232 1603 1603 
NN 8232 6053 7150 
RS 6104 6105 -9236 -9233 -891 -878 
NN -1776 289 316 
RS 3489 3500 -8200 -8180 -8979 -8973 
NN 8675 -3079 -7184 
RS -4995 -4975 3777 3792 -6506 -6502 
NN 5870 -9512 8057 
RS 3645 3652 -2791 -2771 -7253 -7233 
NN -5901 4242 6664 
RS 2898 2903 3684 3693 3780 3784 
NN -223 1517 -44 
RS 5611 5615 3777 3781 1383 1385 
NN 8048 -5648 8386 
RS -3223 -3206 -8600 -8593 3740 3751 
NN 7585 -6588 9250 
RS 1793 1812 9277 9289 482 499 
NN 7405 3337 7230 
RS -6525 -6505 3868 3872 5077 5084 
NN 627 -1825 321 
RS -5177 -5164 4130 4149 6876 6882 
NN 6426 1068 -9593 
RS 7048 7064 -3929 -3917 -6677 -6676 
NN -1681 5904 4810 
RS -8125 -8122 -3957 -3952 -9303 -9302 
NN 8698 -2961 -5491 
RS 2679 2696 9667 9685 -8315 -8314 
NN -1778 7887 5771 
RS 4226 4236 -5611 -5596 5757 5773 
NN -7490 -5724 -9919 
RS -2717 -2717 2836 2845 -6097 -6094 
NN 7459 5361 2336 
RS -3993 -3981 -1616 -1608 1975 1981 
NN -111 7283 3011 
RS -5323 -5321 -7995 -7989 3616 3622 
NN 1302 2371 -3711 
RS 5973 5991 258 277 8603 8620 
NN -7470 -6521 -441 
RS 3954 3954 8705 8707 307 314 
NN 3800 7488 1581 
RS 6591 6601 -6870 -6854 -431 -424 
NN -3726 -1569 2792 
RS 852 871 -2143 -2143 -4162 -4146 
NN -1606 8120 -199 
RS 2432 2443 6991 7004 -7735 -7728 
NN 9785 4346 6880 
RS 2169 2170 -3392 -3376 3064 3074 
NN 5200 2508 2704 
RS 2602 2611 7710 7730 -8675 -8661 
NN 440 -7616 -4972 
RS -5734 -5720 -8407 -8390 2916 2928 
NN 2158 8886 -5653 
RS 716 717 1107 1115 9776 9779 
NN 1500 5876 1367 
RS -8446 -8430 52 67 5824 5838 
NN -9667 -1007 -9746 
RS 4040 4046 -8134 -8117 -9876 -9876 
NN 4649 7074 -4246 
RS 3828 3840 151 167 -3059 -3051 
NN 5243 -4813 7876 
RS -5669 -5657 -5691 -5691 986 1003 
NN -7311 924 4786 
RS 4227 4247 -4060 -4057 -1856 -1839 
NN -9233 -8673 -6240 
RS -7975 -7957 -6085 -6082 2117 2134 
NN -8939 -6991 9585 
RS -7124 -7120 -6264 -6256 -5544 -5533 
NN -5746 5393 -8527 
RS 163 182 -3989 -3983 2335 2335 
NN 394 -1149 -1544 
RS 4828 4832 163 178 -4164 -4146 
NN -1548 -6293 -9324 
RS 1494 1505 7366 7372 9554 9558 
NN 6373 -3497 7008 
RS 8130 8137 3044 3051 -8037 -8022 
NN -6417 -1203 -74 
RS -552 -533 -8591 -8576 -6131 -6115 
NN 510 5121 6973 
RS 5389 5401 3778 3781 3124 3138 
NN 4311 -4669 6929 
RS 1338 1353 -3929 -3919 -5633 -5618 
NN 4953 -7097 8611 
RS 5705 5710 -6395 -6391 7596 7612 
NN 3434 108 -3818 
RS 6996 7002 -1034 -1015 2298 2302 
NN -2227 -8209 -2413 
RS -6727 -6719 4279 4279 5248 5257 
NN 7810 -8931 -6554 
RS -9965 -9950 8470 8473 3759 3761 
NN -7708 7026 -6303 
RS 5599 5613 -7564 -7563 1789 1802 
NN -5640 3346 4480 
RS -7270 -7263 3803 3803 156 158 
NN 6268 2622 8196 
RS -5258 -5248 -7470 -7459 -5480 -5479 
NN 8803 6448 -5042 
RS 7857 7872 2084 2086 -3553 -3545 
NN 4770 -5223 4069 
RS 906 922 1570 1581 5934 5936 
NN 7119 8735 -9506 
RS 9354 9362 9500 9506 411 418 
NN 5707 -9718 -3589 
RS 7329 7335 -8825 -8818 -814 -808 
NN 4772 5528 -6684 
RS -6396 -6382 -9271 -9257 5258 5265 
NN 1556 -7165 9064 
RS 2155 2163 -6845 -6826 -1338 -1334 
NN 7925 5309 -2051 
RS -4446 -4441 -3680 -3672 172 173 
NN -2376 -8195 -810 
RS -7755 -7744 1204 1209 7862 7882 
NN 6916 2460 5330 
RS -8256 -8255 7677 7689 3880 3884 
NN -7637 3548 -3581 
RS -9844 -9827 -358 -356 3215 3218 
NN -8795 -4284 7652 
RS -1305 -1286 -5097 -5092 7495 7512 
NN 7210 -3330 9827 
RS -467 -464 7045 7056 7285 7291 
NN 8757 3019 4691 
RS 3377 3386 1199 1205 7300 7304 
NN -2703 -7499 3259 
RS 6582 6584 6543 6546 -6789 -6785 
NN -586 -5675 2027 
RS -9148 -9143 8694 8698 -453 -441 
NN 3887 -8274 9276 
RS -4593 -4578 -7770 -7768 -1759 -1752 
NN -6738 -3364 -1865 
RS -2480 -2464 -1240 -1238 -7598 -7586 
NN 6970 685 8354 
RS 3476 3488 -4080 -4077 -2036 -2029 
NN 3531 -9025 -1429 
RS 1313 1331 -984 -970 -3281 -3266 
NN -3536 6805 -7881 
RS 6732 6749 2731 2746 -7123 -7117 
NN 5822 8919 6099 
RS -7776 -7760 9262 9267 -7180 -7166 
NN 1602 -3196 757 
RS -72 -59 1330 1340 -3046 -3045 
NN -8419 5694 -9115 
RS -5704 -5685 6193 6208 1071 1081 
NN -1660 4701 9672 
RS -867 -864 834 840 -5212 -5200 
NN 6246 2742 -5631 
RS 9000 9000 -9219 -9209 6657 6662 
NN -1846 3676 -2278 
RS 6713 6713 -7810 -7803 4403 4406 
NN -7720 24 9003 
RS 1087 1100 7003 7020 4458 4462 
NN -9068 9978 -6970 
RS 702 705 1795 1802 -331 -314 
NN -550 2856 -984 
RS 3462 3479 3594 3609 5564 5571 
NN 716 -9398 -662 
RS -2432 -2424 4167 4177 2092 2103 
NN 9549 -3986 6896 
RS -1839 -1820 480 485 -431 -430 
NN 2775 -9624 -4595 
RS 8133 8135 4023 4024 -7701 -7687 
NN -5000 7299 -97 
RS 668 674 9488 9508 9630 9630 
NN -4282 -598 4311 
RS -5092 -5079 -8045 -8043 4901 4912 
NN -8933 -296 -6201 
RS -2414 -2394 5651 5651 9613 9617 
NN -3944 -6355 -7768 
RS -1933 -1916 6232 6235 6611 6631 
NN 2802 -6217 -7266 
RS 3276 3294 -5862 -5857 2310 2329 
NN 144 -8165 8353 
RS 1779 1798 3094 3114 1387 1395 
NN -3993 2251 -1071 
RS -5350 -5335 -6287 -6274 7572 7587 
NN -1814 -529 -2066 
RS 7071 7083 8769 8779 5047 5050 
NN 1760 -4732 5386 
RS 1851 1866 -8329 -8313 1825 1825 
NN 1498 -1746 -6736 
RS 2396 2413 6055 6057 -7767 -7761 
NN -453 318 6926 
RS 3119 3126 -329 -323 -5851 -5840 
NN 6753 -246 8648 
RS -5321 -5321 6655 6670 -5172 -5153 
NN -6201 1486 -9848 
RS 5786 5788 -7109 -7109 9788 9808 
NN 2473 958 -6628 
RS 2233 2242 -2464 -2462 4714 4727 
NN -5825 -6301 -5315 
RS 4411 4414 5781 5788 7556 7576 
NN -7005 2614 -251 
RS -1525 -1519 -4629 -4623 2777 2784 
NN -7765 -5040 2445 
RS 6385 6403 5640 5654 -5783 -5783 
NN -2237 6811 5645 
RS 342 359 -915 -909 -8367 -8356 
NN 4349 -5643 -1527 
RS 8252 8266 4319 4322 5339 5340 
NN -6549 2157 2189 
RS 5051 5063 -6454 -6453 -9008 -8991 
NN -7207 5627 1651 
RS -6279 -6274 3343 3356 -4022 -4014 
NN 3772 -4350 -1760 
RS -8570 -8570 6577 6583 -8315 -8306 
NN 5043 304 9609 
RS 7200 7214 -6481 -6471 110 115 
NN 8417 -6151 9349 
RS 828 838 -8308 -8306 8327 8330 
NN -2645 -5662 -8517 
RS -9621 -9619 1927 1928 1310 1324 
NN 8780 3779 4131 
RS 7422 7435 9178 9179 7121 7136 
NN -9669 6990 8785 
RS -4390 -4372 981 1000 -7676 -7669 
NN -5586 -1301 7903 
RS 4558 4565 8381 8385 -4535 -4530 
NN -4625 541 3297 
RS 9280 9286 116 133 8416 8428 
NN 2667 9099 8876 
RS -350 -342 -6471 -6465 4420 4440 
NN -5178 9672 3430 
RS -2876 -2862 2196 2199 -5019 -5007 
NN 336 -9094 4922 
RS -9138 -9130 7606 7609 999 1017 
NN 346 -5342 4549 
RS 175 190 8299 8299 1234 1241 
NN -6646 -784 9557 
RS 5411 5424 482 492 -7131 -7129 
NN -8263 -4409 -5912 
RS 8564 8579 -1276 -1267 5363 5373 
NN -3252 -4813 -5626 
RS 5231 5233 5618 5631 2160 2179 
NN 6353 -364 2329 
RS -3132 -3118 -6926 -6916 -9228 -9210 
NN 5110 8205 9743 
RS 2266 2279 2000 2009 -6975 -6960 
NN 6330 2927 6178 
RS -3223 -3203 -2375 -2357 -9565 -9554 
NN -4037 -3761 7952 
RS 3246 3249 4466 4480 1797 1814 
NN -571 -8139 -2886 
RS 210 228 -7900 -7896 4361 4367 
NN 1416 -3187 -3690 
RS -746 -734 8290 8310 1110 1120 
NN -4493 5036 -7 
RS 6634 6651 -1987 -1981 -1620 -1614 
NN 4436 5143 4520 
RS -8121 -8104 8971 8973 9439 9454 
NN -9886 -3028 8674 
RS -7045 -7026 -7849 -7849 -6468 -6466 
NN -5414 -6932 2798 
RS 5291 5299 -89 -86 -2637 -2624 
NN -5392 8063 -8259 
RS 4290 4307 -9128 -9123 -679 -672 
NN -148 -3142 -5475 
RS -3408 -3408 1696 1708 2690 2708 
NN -5412 9737 -9773 
RS -6429 -6416 9842 9859 -2803 -2788 
NN -3351 -7587 3207 
RS -8399 -8395 -366 -346 -6534 -6515 
NN 1358 -6600 -3961 
RS 4489 4497 8380 8380 4617 4637 
NN -8651 7548 -5473 
RS -520 -520 -905 -885 3 12 
NN -7499 5636 -6798 
RS 3611 3623 -4081 -4074 7312 7326 
NN 8485 6806 9317 
RS 8173 8183 -2809 -2809 1932 1951 
NN 3788 6095 4057 
RS -5987 -5987 5041 5042 6571 6578 
NN 2113 -6186 -3012 
RS -4872 -4865 -6047 -6038 275 284 
NN 9383 -5876 -90 
RS -4597 -4596 -5304 -5295 -1306 -1306 
NN 6216 170 -7776 
RS 3663 3673 -1218 -1203 -874 -863 
NN 8287 3205 -3078 
RS -1424 -1419 7403 7411 6347 6365 
NN 8120 -9589 -175 
RS 5178 5186 -3345 -3331 -9788 -9782 
NN 659 -269 5730 
RS 8075 8091 -8454 -8443 8722 8728 
NN -1867 -2434 -3479 
RS -6684 -6673 5113 5113 -5593 -5579 
NN -7727 -614 -6794 
RS -8980 -8961 -2665 -2645 4224 4227 
NN -6624 -3564 62 
RS -9124 -9104 3285 3293 5098 5109 
NN -3061 7890 1379 
RS 5241 5246 -1546 -1532 -5689 -5676 
NN 2225 -8934 -4584 
RS 3445 3449 4024 4036 2324 2336 
NN 206 2981 4831 
RS -3891 -3880 -1707 -1692 -6801 -6789 
NN -1620 4615 8622 
RS -2064 -2058 -8233 -8218 7996 8009 
NN -5030 -1143 -7647 
RS -2375 -2364 -9140 -9123 -7522 -7519 
NN -8209 5078 -5163 
RS -8961 -8950 6632 6648 5355 5355 
NN -5044 -4879 -1072 
RS -8012 -8006 -7536 -7519 2173 2191 
NN -9609 -734 -4258 
RS -4477 -4472 5033 5038 -4900 -4883 
NN 3369 -1484 421 
RS 9055 9058 -7045 -7028 1459 1464 
NN -7886 5537 2068 
RS 8618 8623 -1054 -1041 -6530 -6522 
NN 7905 -5142 6 
RS -2099 -2082 4237 4256 8992 8992 
NN 3932 8285 9331 
RS 5609 5616 7735 7741 984 1002 
NN 2876 -815 4459 
RS -9727 -9722 -7458 -7452 -3623 -3607 
NN 3968 -4509 -4252 
RS 9179 9193 -5365 -5364 7884 7887 
NN 8453 -1089 -2378 
RS 3856 3861 155 156 -4544 -4540 
NN -7121 -8680 -9214 
RS 535 536 6435 6439 -9376 -9359 
NN 2964 9886 2347 
RS -1051 -1039 6671 6671 -6008 -5997 
NN -4179 -640 -2166 
RS -8512 -8495 -8426 -8419 8823 8831 
NN -6310 4865 -9338 
RS -8569 -8552 -2224 -2216 -8956 -8936 
NN 7204 -9994 5920 
RS 7235 7237 -3196 -3178 -781 -761 
NN 8711 3786 -5039 
RS -2469 -2466 -9555 -9541 7562 7565 
NN 6387 -7494 1585 
RS -8815 -8813 -2473 -2453 7888 7900 
NN 1011 3696 -5099 
RS 2016 2022 8745 8745 592 612 
NN -4053 -3545 8212 
RS 5216 5221 7208 7218 -2521 -2515 
NN -6323 -8809 4934 
RS 4645 4651 4716 4727 -7048 -7042 
NN 4813 -6890 7332 
RS 9489 9504 -3486 -3484 2445 2459 
NN 4000 -7581 7792 
RS 3063 3074 -5888 -5884 -2651 -2650 
NN -7469 4480 -8246 
RS 8469 8487 9781 9800 -6128 -6113 
NN -4264 1471 -2249 
RS -9273 -9273 -1246 -1233 1847 1854 
NN 2818 -9996 4470 
RS -6364 -6357 7252 7265 3956 3967 
NN -7137 -355 4936 
RS 7710 7717 2848 2862 5201 5209 
NN 3927 -4100 5038 
RS -9782 -9781 -4753 -4751 2667 2669 
NN 5967 -7236 -3264 
RS 3003 3007 -3465 -3457 3657 3659 
NN 718 8141 -2992 
RS -3942 -3934 4160 4178 -2714 -2710 
NN -6669 -8591 -9552 
RS -323 -309 259 278 -1283 -1282 
NN 8580 -7221 -3642 
RS 3640 3640 766 766 -4812 -4812 
NN 4089 -2188 7720 
RS -4849 -4836 3539 3556 -324 -324 
NN 1069 9600 8292 
RS -594 -583 -1192 -1191 2828 2845 
NN 2777 -2324 5569 
RS -5172 -5163 3913 3931 317 335 
NN 3951 -9079 1048 
RS 6321 6341 -6607 -6605 6573 6587 
NN 2638 -229 6838 
RS 29 38 6082 6085 8007 8017 
NN -9451 -6885 2461 
RS -9862 -9846 349 363 9470 9482 
NN 8858 -5900 3032 
RS 4460 4480 -2841 -2827 -8795 -8790 
NN 5230 1427 -6757 
RS -4120 -4117 -5245 -5240 8165 8174 
NN 774 6865 -3401 
RS 9640 9653 -1028 -1015 -2726 -2711 
NN 9028 -1076 -6063 
RS -5541 -5524 8719 8723 1866 1882 
NN -7069 -4195 6520 
RS 2456 2458 -4602 -4594 -3653 -3642 
NN 6857 5559 4166 
RS 5037 5054 -5967 -5963 2124 2133 
NN -2683 4126 6533 
RS -1910 -1895 -2516 -2506 -3432 -3425 
NN -7211 -3963 -1446 
RS -5397 -5393 1969 1976 5851 5852 
NN -1034 1833 6575 
RS 7338 7338 -9312 -9297 2375 2383 
NN 178 5128 1892 
RS 5919 5932 1764 1770 6065 6074 
NN -1064 7543 -721 
RS -6860 -6852 -2080 -2068 5259 5275 
NN -6415 -6757 2793 
RS -8939 -8932 -9455 -9438 9989 9999 
NN 7232 -8873 1991 
RS -4998 -4987 -3804 -3801 7902 7912 
NN -3125 694 -312 
RS 5194 5204 -1168 -1161 -5349 -5344 
NN 3199 -3276 4181 
RS 4847 4861 -4692 -4685 -1139 -1122 
NN 9372 6610 7193 
RS 4461 4464 -4652 -4649 3169 3189 
NN -6194 -5356 7180 
RS 3341 3349 6121 6127 -3762 -3746 
NN 6721 6554 -2873 
RS 7617 7619 2569 2570 1950 1967 
NN -4908 -5971 -4752 
RS 6641 6656 5913 5928 -1775 -1775 
NN -121 -9835 6448 
RS 8231 8243 3620 3637 5092 5111 
NN -7259 -9800 8261 
RS 5141 5157 82 99 800 808 
NN -2212 -2237 7932 
RS 2773 2786 -330 -321 -7600 -7599 
NN -6328 9253 3629 
RS 2432 2434 -465 -462 -8022 -8009 
NN 3597 -1275 -2416 
RS -8542 -8542 -2440 -2424 -6113 -6109 
NN -4139 806 -3504 
RS -1355 -1352 -7222 -7211 -3108 -3091 
NN 5889 -4760 -7411 
RS 4507 4516 -4059 -4055 -5776 -5771 
NN 2632 7434 2349 
RS 5221 5223 1000 1009 -3358 -3346 
NN -365 -1020 -5733 
RS 6447 6457 7373 7389 5376 5380 
NN 5529 1678 1144 
RS 771 780 -7498 -7497 3984 3990 
NN -3716 8150 -1166 
RS 1073 1077 9126 9133 -4464 -4457 
NN -3261 2705 9551 
RS -6317 -6314 1421 1431 9112 9122 
NN 1695 -6004 8999 
RS -6879 -6869 -3154 -3135 8315 8316 
NN 2661 7706 -6422 
RS -3676 -3669 3680 3691 8082 8092 
NN 1867 -5433 -3359 
RS 6284 6294 -2148 -2141 2099 2107 
NN 2275 6550 -553 
RS 3949 3956 -9683 -9667 -8623 -8616 
NN 9129 -1111 -1473 
RS 3474 3474 9945 9953 4425 4441 
NN -8623 -9713 -3708 
RS -8434 -8429 -6226 -6207 -9246 -9228 
NN -624 -6170 1010 
RS 7099 7103 -9642 -9633 -8844 -8839 
NN 2624 -9541 -9244 
RS 8266 8283 -5474 -5473 -3384 -3374 
NN -8968 3940 4918 
RS 9236 9255 -1874 -1874 9463 9478 
NN 6545 6045 3953 
RS -3196 -3182 -5450 -5450 -7995 -7983 
NN 9403 -9003 -900 
RS -9258 -9256 -2634 -2634 5490 5503 
NN 1629 7852 4005 
RS 6201 6220 6392 6403 -7670 -7659 
NN -1699 -2199 2703 
RS -8457 -8444 -7825 -7820 -6348 -6336 
NN 8171 -8399 2347 
RS 7127 7146 9313 9330 -7246 -7226 
NN 6871 -4743 -8984 
RS -7766 -7750 8323 8324 -2691 -2677 
NN -3568 -7650 -1525 
RS -6140 -6132 -2417 -2404 8125 8135 
NN -3418 8642 -1989 
RS -6696 -6692 3745 3751 40 50 
NN 3193 3200 -665 
RS 8876 8887 7878 7889 -6523 -6505 
NN 1487 -9283 1829 
RS -3851 -3831 -8934 -8924 -7133 -7133 
NN 1089 4897 6653 
RS -8210 -8192 9706 9720 -8754 -8735 
NN -4402 -4737 -8269 
RS -7527 -7527 8741 8760 -1788 -1785 
NN 9692 -9612 419 
RS 1832 1840 -7991 -7971 9339 9351 
NN -6785 6804 -2715 
RS 3492 3509 -8877 -8864 4214 4232 
NN -4693 -4813 -1815 
RS -6483 -6473 696 711 7716 7730 
NN 4776 -9598 1295 
RS -5487 -5468 3226 3238 -812 -796 
NN -3634 -3304 -6226 
RS 9971 9980 -3377 -3367 1488 1493 
NN 797 7879 1966 
RS 3792 3797 -2846 -2840 9311 9320 
NN -8932 7372 8829 
RS -4939 -4922 4639 4650 5098 5117 
NN -7888 4255 -3143 
RS 5133 5134 5401 5419 6403 6407 
NN 7809 -2976 -2257 
RS -8609 -8602 4204 4213 1690 1702 
NN 9319 -2366 6541 
RS -5715 -5708 8406 8410 1470 1486 
NN 5548 8499 -3603 
RS 7490 7491 423 429 4131 4151 
NN 6841 4964 1996 
RS 4018 4033 -7018 -7003 6840 6859 
NN 5121 -3306 6315 
RS -8858 -8848 2462 2471 7388 7389 
NN 7516 -6887 9652 
RS -2079 -2070 -654 -654 -4004 -3986 
NN -9233 4226 8879 
RS 8186 8191 4121 4136 5727 5746 
NN -86 -4284 346 
RS -8797 -8793 -1978 -1959 -4125 -4112 
NN -2401 -7632 2475 
RS 4583 4586 6745 6755 9038 9047 
NN 5291 5845 -7056 
RS -2928 -2916 6276 6290 1530 1548 
NN -3556 4520 8618 
RS 7932 7933 9693 9700 -6942 -6933 
NN 3777 -1450 -1680 
RS -5673 -5662 -6313 -6312 3057 3070 
NN 2845 -2188 -3890 
RS -8525 -8512 -5475 -5466 6070 6074 
NN -8298 -9032 -2186 
RS 4595 4612 -2440 -2439 9427 9434 
NN 8227 141 5095 
RS -7242 -7227 -7410 -7393 -3362 -3359 
NN 1376 9145 2286 
RS -1041 -1028 -9139 -9125 9892 9908 
NN -7095 -5959 -5596 
RS -365 -361 -7458 -7443 274 287 
NN 7544 8983 -2502 
RS -6508 -6492 -31 -22 -9002 -8986 
NN 3981 -4895 5697 
RS 6650 6659 7879 7879 -1046 -1044 
NN 426 5307 4399 
RS 9769 9770 -1774 -1765 -8753 -8742 
NN -6651 -6564 -4635 
RS -5054 -5034 -9253 -9248 8762 8768 
NN 532 -2647 3745 
RS 1471 1486 -6414 -6411 6884 6898 
NN 2917 -7843 -2416 
RS 9257 9260 7900 7907 9132 9132 
NN 9913 -5659 -8956 
RS -299 -279 2790 2796 4040 4051 
NN -3459 1307 3821 
RS -9337 -9332 -2794 -2793 -7466 -7451 
NN 4070 -5443 -7807 
RS 3945 3958 -4669 -4652 6886 6897 
NN 7277 -2669 -5466 
RS -2803 -2795 -785 -767 5233 5248 
NN 7749 -3766 -3324 
RS -2101 -2085 -8387 -8377 326 330 
NN 5798 -1455 1974 
RS 4316 4336 -4645 -4627 -7954 -7944 
NN 1257 -7819 7408 
RS -2225 -2211 -4958 -4943 -2379 -2379 
NN 7383 3394 7729 
RS -4043 -4029 553 565 -7687 -7677 
NN 4938 2550 7474 
RS 9507 9512 -820 -810 -3819 -3813 
NN 5618 -6358 3835 
RS -6058 -6041 3795 3804 -5211 -5207 
NN 2262 -1080 3411 
RS 189 189 5257 5277 6101 6101 
NN 9725 -1202 -944 
RS 5165 5177 4299 4303 -7873 -7862 
NN -4673 4910 4377 
RS -3478 -3470 4368 4375 6816 6816 
NN 2350 -7494 -5623 
RS 5432 5434 -171 -153 9384 9400 
NN -8912 -2352 659 
RS -4219 -4213 -4197 -4190 4795 4808 
NN 2316 -8758 8642 
RS -3953 -3935 7575 7585 -6070 -6065 
NN 6273 -7279 -2113 
RS -5308 -5306 -6625 -6609 -4301 -4281 
NN -8687 -8769 2377 
RS 8604 8619 4633 4651 -5846 -5827 
NN 7693 26 -3896 
RS 5331 5348 2013 2020 6810 6813 
NN -2857 -7141 1667 
RS -7027 -7009 -6881 -6875 2910 2927 
NN 7523 -5166 -4533 
RS -1105 -1099 -7965 -7949 4925 4930 
NN 9429 3145 6665 
RS -7365 -7347 -8635 -8621 -5475 -5459 
NN 5385 -1684 2742 
RS 9986 9996 -4451 -4437 824 824 
NN 2343 -3365 -5484 
RS 5878 5896 -9331 -9316 -159 -139 
NN 7366 -2688 -5997 
RS -6748 -6745 4702 4702 1779 1781 
NN -6559 -6983 -6543 
RS 2996 3012 9070 9090 -8016 -8016 
NN 7833 7665 -7287 
RS -1006 -1003 8192 8201 687 701 
NN -4193 -6245 8017 
RS 5156 5168 9514 9524 3699 3716 
NN -8189 -5731 4735 
RS 5542 5548 8550 8562 -927 -917 
NN -2239 726 8157 
RS -8725 -8724 -2482 -2473 -743 -730 
NN 5727 2648 5627 
RS -6052 -6043 5880 5895 1149 1158 
NN -5897 9790 7816 
RS 8114 8117 1695 1712 4847 4861 
NN 837 4276 1196 
RS 5833 5850 3102 3105 5454 5472 
NN -4768 -240 6991 
RS 5476 5491 6589 6605 -4762 -4751 
NN 1370 5702 4885 
RS 5428 5430 -9609 -9606 3581 3587 
NN 9997 -8774 8661 
RS -4930 -4910 6703 6721 1849 1851 
NN -6842 1207 -9936 
RS -9084 -9075 -6606 -6588 5183 5198 
NN -6908 960 -5441 
RS -8216 -8204 -3643 -3623 -7376 -7365 
NN -1104 2152 6739 
RS -8442 -8428 1504 1520 288 306 
NN 6634 -2314 7283 
RS 299 307 -8712 -8699 5944 5957 
NN 6924 -6963 -7308 
RS -2863 -2847 -9812 -9799 -3856 -3845 
NN -4167 -1268 5541 
RS 6303 6308 9650 9655 3321 3336 
NN -1381 -6803 -4371 
RS -119 -115 -6499 -6490 6677 6697 
NN -5349 13 9906 
RS 2034 2052 -6891 -6880 8530 8543 
NN -8785 9875 3526 
RS -4248 -4229 3085 3089 7615 7633 
NN -3402 -9321 -2257 
RS -1175 -1168 -744 -732 -6357 -6342 
NN -7284 9103 4312 
RS 9273 9273 8151 8162 3827 3828 
NN 8263 6221 3675 
RS 5901 5914 4283 4290 -3613 -3609 
NN 5764 -7238 -4424 
RS 997 1004 -7165 -7158 -8290 -8284 
NN 7599 6510 -3797 
RS -5581 -5576 2456 2466 3222 3224 
NN -246 -6521 -862 
RS -404 -404 1744 1764 7361 7370 
NN -2867 9500 -9993 
RS -2085 -2074 -7491 -7485 632 632 
NN -7880 8580 -3863 
RS -1088 -1070 -799 -795 -5129 -5126 
NN 3267 2414 -5221 
RS 8716 8726 9814 9821 8827 8831 
NN -4270 4729 53 
RS -1124 -1107 -2028 -2018 717 722 
NN 378 386 -7226 
RS -9961 -9942 -4348 -4344 -5260 -5252 
NN 5608 7072 -1742 
RS 1541 1557 -2162 -2154 4506 4526 
NN -5642 8982 -9409 
RS -641 -638 -4397 -4391 2685 2700 
NN 3920 -8256 -338 
RS 895 903 2063 2073 9727 9728 
NN -9247 -4321 3725 
RS -6041 -6026 6144 6157 9489 9495 
NN 7003 -7244 -9232 
RS -8393 -8382 7141 7148 -5894 -5874 
NN -1902 5924 -5889 
RS -9422 -9407 -7354 -7344 1602 1617 
NN 7659 2848 -8320 
RS 4793 4798 8725 8725 3222 3232 
NN -563 4893 -4339 
RS 1852 1871 -5148 -5128 -334 -332 
NN 8415 3730 -3332 
RS 5818 5835 -5166 -5157 5917 5930 
NN 8379 3064 -6569 
RS -4016 -4010 2909 2919 -925 -907 
NN -2913 9129 1732 
RS 7035 7045 2739 2756 9084 9099 
NN 9800 -6478 -125 
RS 1282 1282 -4819 -4807 9366 9368 
NN 6480 7767 8150 
RS -5544 -5541 1034 1042 -227 -208 
NN -9341 -7054 5484 
RS 1852 1869 5587 5597 -7185 -7169 
NN -7766 7463 -5605 
RS 9198 9199 4161 4172 -9459 -9441 
NN -4258 4128 1642 
RS 3664 3682 9870 9870 2370 2382 
NN 5696 2774 -2071 
RS 6293 6297 -8323 -8304 2379 2390 
NN 4734 782 4422 
RS 6430 6440 -5176 -5156 -431 -423 
NN -2161 7524 -4408 
RS 3773 3790 -9954 -9941 -5790 -5775 
NN -4012 -1346 6324 
RS -5526 -5521 -9568 -9566 6021 6022 
NN -8701 -4442 -4064 
RS 3513 3521 7021 7039 -3630 -3617 
NN 7949 5224 5793 
RS 6255 6263 6068 6088 15 35 
NN -8708 -4657 -5381 
RS -1596 -1591 -8847 -8832 8506 8518 
NN 1423 8756 4450 
RS -9775 -9774 6408 6410 -6300 -6286 
NN -6073 2566 7583 
RS -1046 -1043 1787 1795 1698 1713 
NN -4661 -5898 -5342 
RS 1124 1137 -2062 -2043 6549 6559 
NN -7764 556 3542 
RS -1923 -1922 -8929 -8917 4892 4899 
NN 5754 -3685 -4754 
RS 3391 3400 -1372 -1369 -8017 -8001 
NN -9189 8788 5157 
RS 2988 3003 7404 7424 -6426 -6416 
NN 6115 7866 -7019 
RS 9125 9136 6113 6133 -5704 -5687 
NN -8971 -2939 -1030 
RS -3556 -3556 -2792 -2785 3699 3711 
NN -3218 1335 -847 
RS -5237 -5229 5192 5197 4289 4297 
NN 2127 1306 3686 
RS -3711 -3691 2658 2662 1519 1531 
NN -2314 -7714 7824 
RS 3955 3956 -4742 -4741 5030 5041 
NN 8605 -2832 -6058 
RS 8447 8451 5401 5405 -4344 -4328 
NN -6477 -2045 -9375 
RS 5649 5666 2605 2619 1900 1905 
NN -3258 2449 5761 
RS -6503 -6490 3084 3085 -9319 -9303 
NN 9545 5410 98 
RS 3505 3505 -5797 -5784 899 915 
NN 7608 1220 3040 
RS 4864 4882 7264 7273 -4552 -4532 
NN 1022 -6996 1239 
RS 7377 7378 5535 5535 -5205 -5198 
NN 6764 2094 9226 
RS 7914 7930 4909 4913 2247 2251 
NN 6032 -3512 74 
RS 7831 7848 9689 9699 4119 4134 
NN 2544 6663 2852 
RS 7206 7206 389 404 -4640 -4629 
NN -4849 2951 -2870 
RS -7050 -7046 -9154 -9144 -3787 -3784 
NN -2170 6180 8499 
RS -2647 -2637 188 201 -3375 -3375 
NN -6675 -4308 -8954 
RS 8772 8791 793 806 1411 1421 
NN 1732 4289 1677 
RS 4301 4318 -1160 -1156 529 534 
NN -4978 -3678 5860 
RS -2100 -2099 9925 9943 1020 1033 
NN 2148 9885 2119 
RS -8698 -8690 -828 -827 -1294 -1294 
NN -7672 -2257 -8585 
RS -890 -873 8318 8334 -2128 -2120 
NN -3917 1853 3725 
RS -9080 -9078 5780 5788 -9292 -9285 
NN -3916 -7971 3122 
RS 8651 8654 8269 8281 5117 5124 
NN -7099 7542 7154 
RS 8854 8860 -4918 -4898 8747 8755 
NN 6399 9617 -1012 
RS 5344 5344 -8609 -8605 -487 -479 
NN -480 4248 3472 
RS 2212 2228 8430 8438 9418 9418 
NN -2495 -7251 -6599 
RS -3592 -3582 6353 6364 5205 5224 
NN -3298 -8628 5387 
RS 9648 9665 -7391 -7390 -6171 -6167 
NN -7201 7900 3884 
RS 7665 7669 -4537 -4532 -1437 -1426 
NN 2664 -2238 975 
RS 8603 8620 -6904 -6899 -6633 -6615 
NN 3373 6145 4956 
RS 4934 4952 9564 9577 -3922 -3916 
NN -910 -5336 2337 
RS -788 -776 -6492 -6486 -4244 -4230 
NN -660 488 -7128 
RS 9572 9587 4406 4413 4525 4545 
NN -6569 -3393 4330 
RS 2357 2363 -6874 -6865 8899 8914 
NN 7840 8697 -3497 
RS 5919 5939 -8004 -8000 6503 6517 
NN 511 -313 1122 
RS -8860 -8843 3133 3135 -6584 -6584 
NN 5834 -3937 2821 
RS -5970 -5958 1740 1755 -6328 -6310 
NN 9382 2892 9646 
RS -3834 -3833 9059 9075 -3637 -3617 
NN 7556 -6117 -1261 
RS 3886 3890 -4435 -4429 4022 4036 
NN -5896 -4794 5528 
RS 9822 9824 8778 8797 -7904 -7890 
NN 5671 -5768 -1846 
RS -2734 -2719 3771 3783 2242 2248 
NN -2874 3045 -6487 
RS 3268 3281 -6562 -6545 -450 -430 
NN 4024 -6036 -9312 
RS -1557 -1557 -3446 -3431 2836 2842 
NN -321 5226 2783 
RS -2861 -2855 1430 1450 2797 2797 
NN -6970 9127 -236 
RS -9658 -9641 8463 8467 9623 9636 
NN -7221 -6552 -1196 
RS -203 -199 2593 2600 -5495 -5492 
NN -2823 2491 -3886 
RS 2065 2076 -1930 -1915 1686 1689 
NN -4199 -4701 1927 
RS 9936 9939 4265 4281 -8907 -8892 
NN -9831 -9366 6067 
RS -4994 -4988 -1030 -1014 6025 6035 
NN 6106 -7751 -5235 
RS 6424 6425 8159 8177 9894 9899 
NN 9894 -1988 -3339 
RS 1404 1419 -3541 -3533 -5003 -4991 
NN 2661 828 9035 
RS 492 499 -5678 -5673 -2593 -2579 
NN -5200 1892 -910 
RS 8957 8966 3619 3631 2028 2039 
NN -7407 -5642 -9644 
RS -6217 -6213 1612 1628 -5651 -5641 
NN -7038 -2582 6260 
RS -6008 -5988 -5686 -5685 529 547 
NN -9446 -9236 1698 
RS -1146 -1139 9883 9885 -778 -777 
NN 7088 7016 -2440 
RS 4543 4563 -3657 -3645 -8842 -8831 
NN -460 -5970 3796 
RS 5854 5870 5171 5188 -1731 -1722 
NN 9619 -8179 9491 
RS -553 -548 9159 9174 -2524 -2508 
NN 334 117 -8117 
RS -4399 -4389 -360 -356 4158 4176 
NN 7461 -848 -4160 
RS 4065 4079 -5269 -5256 8487 8494 
NN -4762 9551 7934 
RS -7663 -7652 -8435 -8427 -4370 -4360 
NN 3135 9285 -699 
RS 9018 9032 -4483 -4469 -5437 -5422 
NN 5100 1014 78 
RS 5754 5759 -6575 -6574 -6237 -6221 
NN 3575 942 -725 
RS 8244 8244 -9945 -9935 2682 2698 
NN 8551 7130 -8649 
RS 9055 9071 -4525 -4512 -4790 -4774 
NN -5392 -4477 -7585 
RS -9197 -9185 208 228 7082 7085 
NN -6164 462 9706 
RS -5424 -5406 697 717 -7802 -7784 
NN -3617 -3470 4617 
RS -5582 -5563 -646 -631 -3839 -3834 
NN 4204 -7111 -5188 
RS -1223 -1218 1909 1926 -47 -35 
NN 2394 8159 5458 
RS 6688 6708 -8037 -8018 -8308 -8304 
NN 525 -4287 -9045 
RS 3381 3391 -9199 -9189 6565 6582 
NN 7718 3249 -4540 
RS -6715 -6701 7913 7933 -367 -367 
NN -5587 -7559 5689 
RS 7204 7220 6069 6085 -3542 -3541 
NN 8083 3494 -3274 
RS -9250 -9239 -5091 -5074 7359 7365 
NN -1419 2222 9388 
RS -7329 -7309 3078 3080 2647 2662 
NN -478 9887 -1362 
RS -8353 -8333 -8229 -8216 6157 6174 
NN -722 2547 -4020 
RS -9705 -9689 2482 2495 9021 9032 
NN -1966 6042 4988 
RS 9416 9433 -4932 -4917 7273 7290 
NN -8128 5513 2506 
RS -4101 -4085 5211 5218 7122 7125 
NN -539 -516 6087 
RS 4247 4257 3871 3881 8883 8901 
NN -6596 -4882 4594 
RS -4916 -4910 -3836 -3823 -2052 -2049 
NN -1156 1654 -8434 
RS 3089 3101 -4343 -4323 3761 3771 
NN 54 -4915 1963 
RS 9550 9564 8498 8501 2689 2704 
NN 6641 5552 1294 
RS -8244 -8240 -2189 -2181 -3212 -3210 
NN 3481 7548 1707 
RS -2315 -2299 -7469 -7469 3694 3708 
NN 1416 6013 5457 
RS 4772 4792 -3425 -3422 8097 8117 
NN -2138 971 6821 
RS 6828 6832 -1759 -1750 -4927 -4922 
NN 4401 -9397 5856 
RS -3710 -3707 -980 -970 -6447 -6433 
NN 6297 2054 1315 
RS -9205 -9189 1635 1648 6574 6582 
NN 2133 531 5363 
RS -4528 -4508 -5355 -5343 -2642 -2629 
NN -5873 -9852 5354 
RS -3788 -3769 8754 8755 -1515 -1497 
NN 4594 -5152 4281 
RS 6651 6657 3647 3666 5618 5623 
NN -5445 -4014 8659 
RS 216 216 -1159 -1151 -1008 -1002 
NN -9618 -9912 -4638 
RS -7083 -7065 7898 7914 -1824 -1806 
NN 4237 -6171 -7306 
RS -3297 -3294 3290 3303 -1796 -1791 
NN -4915 8558 4502 
RS 5134 5153 2676 2689 -7330 -7313 
NN -1317 8454 2849 
RS 5339 5342 1126 1132 -8819 -8809 
NN -5857 8280 -1548 
RS -1463 -1450 -7512 -7501 6679 6682 
NN -9851 7847 2097 
RS 4622 4625 -8867 -8859 -3631 -3621 
NN -7064 6273 3434 
RS 2332 2346 -8894 -8883 -1274 -1262 
NN 6422 -5637 4738 
RS -7264 -7255 4993 4996 -1921 -1917 
NN 2909 4351 1122 
RS 4701 4714 -1865 -1853 -9916 -9916 
NN 9509 -203 -5698 
RS -973 -953 6242 6251 -6096 -6087 
NN -5404 3872 -5622 
RS -2149 -2133 -1336 -1335 290 292 
NN -245 -500 5214 
RS -1238 -1223 4040 4055 -7457 -7446 
NN 1524 4403 -7415 
RS 9472 9474 -1445 -1427 -8245 -8235 
NN -736 3092 -1886 
RS 6467 6474 -6645 -6636 2887 2903 
NN -3536 -6667 -3183 
RS 5837 5856 8080 8082 -5548 -5530 
NN 9667 2532 412 
RS -3767 -3749 9392 9412 -8424 -8407 
NN -7897 5513 -7583 
RS 6769 6774 2655 2665 3085 3095 
NN -6988 -6431 -7083 
RS -4789 -4789 3082 3082 -4481 -4462 
NN 2891 8212 532 
RS -3428 -3409 -3063 -3058 -8031 -8029 
NN 3699 596 6277 
RS 2395 2396 -3539 -3519 8167 8167 
NN 3352 1545 -425 
RS 4254 4272 3387 3406 -8890 -8882 
NN -6102 3040 -1827 
RS -5136 -5126 -6777 -6759 -9254 -9253 
NN -3494 -2496 -7186 
RS -7885 -7882 -5911 -5896 5370 5387 
NN -1382 969 -4106 
RS 7902 7910 4278 4295 1672 1688 
NN 5371 -918 989 
RS -5469 -5450 -3190 -3178 -812 -812 
NN -2968 6989 -9448 
RS -2452 -2432 2404 2418 3446 3446 
NN -3690 520 -9418 
RS -8250 -8232 7502 7506 7302 7320 
NN 3420 8920 -1338 
RS -3922 -3908 -2368 -2360 9898 9903 
NN -7463 3998 -3005 
RS 1061 1080 -7237 -7227 -4690 -4681 
NN -5287 -8328 -2046 
RS 691 704 8057 8073 7135 7143 
NN 4970 2208 419 
RS 8840 8859 -4450 -4446 4378 4382 
NN 8989 4317 -1830 
RS -468 -454 8630 8630 4472 4490 
NN 2404 4909 -6430 
RS 5943 5959 -2095 -2085 -7548 -7531 
NN -5757 -2322 8197 
RS 7558 7573 1432 1443 -4368 -4350 
NN 9736 -9180 6486 
RS -2302 -2289 516 536 9792 9796 
NN -389 -5837 882 
RS -6332 -6321 -5 0 -7742 -7731 
NN 9744 9491 4707 
RS 4514 4524 -7028 -7026 -1572 -1552 
NN -7054 4140 9252 
RS 7749 7749 -8548 -8529 -3414 -3394 
NN -840 437 8456 
RS -2756 -2753 8061 8070 719 729 
NN 6352 7776 2839 
RS 977 988 -2915 -2907 8505 8523 
NN 9114 1146 -6521 
RS 101 109 -9158 -9139 -3336 -3323 
NN 8020 5836 6012 
RS 6101 6105 -8543 -8538 1135 1138 
NN -4556 7055 -178 
RS -1809 -1794 -3569 -3564 -4025 -4014 
NN 4645 -1532 651 
RS 8318 8327 9907 9917 -5219 -5216 
NN 2328 4948 5887 
RS 9022 9037 7361 7362 -9144 -9144 
NN 2884 -6787 -5073 
RS 2427 2441 -4622 -4605 -5068 -5053 
NN 634 -8121 -6365 
RS -1024 -1006 -4184 -4165 3369 3376 
NN 4952 -8991 -1044 
RS -6798 -6791 3766 3766 1209 1217 
NN 6955 9976 -8486 
RS 7539 7548 8759 8764 -1668 -1650 
NN -1689 389 5572 
RS 955 974 -6063 -6046 -3605 -3596 
NN -6147 4001 5706 
RS 4704 4724 5484 5497 -5822 -5810 
NN 7894 -1627 -2833 
RS -3165 -3163 -5379 -5376 9864 9878 
NN 1597 4009 1444 
RS -1197 -1188 -3097 -3080 -1605 -1587 
NN 5504 -8959 3714 
RS 8343 8352 5586 5604 -1886 -1871 
NN 7629 9559 -9873 
RS -3774 -3759 8381 8397 8997 9013 
NN -9852 9189 7087 
RS 8067 8075 7783 7790 5576 5578 
NN 1097 -2331 -2739 
RS 820 830 3631 3645 -588 -574 
NN 8793 -6785 3968 
RS -8031 -8013 2326 2344 -4771 -4752 
NN 2829 9524 -2423 
RS -3462 -3449 4468 4488 4203 4210 
NN 6208 3848 -3415 
RS 4414 4425 -8862 -8856 -2230 -2213 
NN -5130 5528 9332 
RS 6128 6135 1969 1986 3310 3324 
NN -6903 -4208 -6346 
RS 3744 3750 -9319 -9316 -35 -19 
NN -7300 9374 -8113 
RS -6205 -6199 -8059 -8039 1212 1227 
NN 9605 -4856 3940 
RS -3979 -3962 -4375 -4355 5248 5262 
NN 7658 8840 -9847 
RS -9627 -9614 6056 6070 2056 2070 
NN 9173 -9667 8434 
RS -3144 -3142 2067 2071 -8385 -8377 
NN -2782 6187 -2887 
RS 3574 3579 -9180 -9160 -766 -765 
NN -4022 -9151 -4294 
RS 2784 2799 2751 2754 5310 5321 
NN -5674 -8507 7564 
RS -2420 -2408 -2457 -2444 -651 -638 
NN 2490 -3291 -9213 
RS -5135 -5133 9120 9126 -2799 -2794 
NN 675 -4330 9474 
RS -8354 -8338 9932 9952 -9552 -9542 
NN 955 4301 -246 
RS 4228 4246 5406 5411 6842 6857 
NN -3221 -3785 9129 
RS -9121 -9108 5184 5198 -884 -878 
NN -404 -5039 -9090 
RS -1104 -1093 -5424 -5415 -1050 -1050 
NN -4374 4180 5620 
RS -9877 -9870 2111 2112 -3846 -3846 
NN 787 981 3254 
RS -69 -51 -7980 -7966 -7582 -7571 
NN -5795 6609 -9021 
RS -937 -931 -6043 -6036 989 991 
NN -2051 8084 9544 
RS 7588 7601 -8098 -8097 2009 2024 
NN -3273 395 -8978 
RS 2632 2632 7734 7751 8099 8114 
NN 9664 -7868 -6972 
RS 8294 8313 -5789 -5773 -9748 -9735 
NN 6380 -6854 7131 
RS -7453 -7433 3646 3665 -4865 -4851 
NN 343 -5750 391 
RS 492 505 -3457 -3437 8281 8283 
NN -4430 -325 1765 
RS 8580 8589 8288 8292 -7808 -7798 
NN 3492 -5152 -7646 
RS -7549 -7544 1995 1996 9920 9934 
NN -9039 1079 4586 
RS -775 -755 -7088 -7071 -7635 -7620 
NN 9074 9266 -7208 
RS -4346 -4330 -154 -135 9447 9447 
NN 3783 -1280 9470 
RS -2725 -2714 7449 7457 6789 6790 
NN 9057 3455 5699 
RS 9376 9385 5085 5094 -4115 -4096 
NN -3392 -4298 2629 
RS -4985 -4973 2191 2211 -2010 -1996 
NN 9315 -4510 8712 
RS 6581 6595 -2452 -2448 -4751 -4751 
NN 5934 -9982 -8537 
RS 3740 3748 -9621 -9609 -9752 -9738 
NN -7136 6054 9912 
RS 1259 1259 -3706 -3688 2726 2729 
NN -9377 3168 -1398 
RS 9321 9330 5621 5630 -1811 -1804 
NN -8374 -5026 -2111 
RS -6790 -6788 -5418 -5408 -618 -614 
NN -1385 -8357 4672 
RS -8403 -8390 -706 -705 -2276 -2259 
NN 2337 -8463 9394 
RS -7222 -7213 -7914 -7905 -4462 -4458 
NN -3411 4779 9812 
RS -8822 -8816 1134 1154 1249 1257 
NN -7217 -4556 -4408 
RS 8108 8111 8522 8530 6271 6285 
NN 2244 -3295 -4599 
RS -5462 -5451 6419 6439 -5262 -5255 
NN -4086 -9661 6991 
RS -4025 -4014 -2131 -2115 3168 3180 
NN -2569 5698 38 
RS 5668 5671 8020 8025 -220 -202 
NN -3725 3789 8208 
RS 1003 1015 2533 2549 -141 -127 
NN 938 -1520 -3674 
RS 919 919 8513 8525 6061 6069 
NN -6242 -412 -1665 
RS 4143 4163 -3500 -3489 3086 3088 
NN 2969 7595 9393 
RS -177 -171 -3420 -3400 7938 7941 
NN -7605 3222 102 
RS 6875 6882 -7974 -7965 6825 6836 
NN -9583 -1750 -5130 
RS -6213 -6205 -2919 -2906 3018 3034 
NN 172 3220 5316 
RS 5496 5513 -3881 -3868 3069 3079 
NN 6079 9034 5512 
RS -6661 -6652 1147 1151 4647 4665 
NN -9270 -2771 6374 
RS -2325 -2316 9303 9315 -4745 -4732 
NN 5237 -3374 -1309 
RS -2001 -1993 3621 3634 -6994 -6985 
NN -1187 4168 5393 
RS 6034 6052 3476 3489 -3084 -3077 
NN 5120 -2150 3923 
RS -7578 -7566 -8178 -8158 14 26 
NN 6667 1943 -2298 
RS -6112 -6111 -5518 -5504 -8735 -8735 
NN 3149 -6090 6134 
RS 108 120 -3466 -3458 -9241 -9221 
NN 7340 5035 9903 
RS 9344 9346 -4180 -4164 9126 9145 
NN 528 4718 -3156 
RS -3368 -3351 -391 -382 -4496 -4492 
NN -2656 -2905 8823 
RS -4391 -4381 9930 9941 3984 3990 
NN 3932 5800 -4695 
RS -5834 -5827 -9749 -9740 -459 -457 
NN -5047 -8315 4569 
RS 4401 4417 9457 9464 -1208 -1200 
NN -2584 2602 8311 
RS -7544 -7526 1023 1037 3106 3111 
NN -8350 1800 -5075 
RS -9135 -9133 -9349 -9349 82 97 
NN -9037 9562 1388 
RS -8563 -8559 7357 7363 9010 9019 
NN 4525 -3224 -8357 
RS -2195 -2176 4241 4244 7300 7310 
NN -6214 5271 6498 
RS -337 -322 -5412 -5409 1656 1671 
NN 5682 4506 -9614 
RS -211 -197 -5293 -5277 3372 3374 
NN -3821 -7784 -6330 
RS 6588 6602 9568 9571 5491 5495 
NN 5475 3289 5991 
RS -506 -486 -6402 -6386 -3144 -3144 
NN -7646 -7855 6915 
RS -8125 -8110 3817 3826 9484 9487 
NN -780 -4678 9884 
RS -6517 -6498 5222 5224 -5088 -5088 
NN 2909 -8156 -1832 
RS -6256 -6236 -8142 -8134 -6684 -6671 
NN -7587 591 -6246 
RS -6320 -6316 -9986 -9974 -1530 -1512 
NN -719 -4132 6164 
RS 35 37 -4046 -4037 6202 6209 
NN -1187 629 5853 
RS -2440 -2420 -3839 -3837 5750 5758 
NN -7227 -5896 -5026 
RS -293 -279 -3058 -3042 9430 9442 
NN 5632 4396 -547 
RS -7704 -7693 -2941 -2921 9921 9932 
NN -8821 -7863 -3183 
RS 8291 8302 2221 2237 -3525 -3515 
NN -9070 743 -335 
RS -3801 -3793 2414 2431 -9812 -9798 
NN 8263 3283 8193 
RS 4673 4681 7719 7726 -3208 -3204 
NN 8464 8733 7453 
RS -3658 -3650 2876 2896 -777 -759 
NN -6027 0 -845 
RS -195 -187 1313 1329 7378 7386 
NN 9849 4859 1792 
RS 8938 8948 2383 2384 9894 9899 
NN -8708 -6855 4561 
RS -6369 -6351 3089 3103 2843 2852 
NN 3628 9263 -8889 
RS 7294 7314 9945 9954 650 654 
NN 1506 -7809 9755 
RS -6479 -6465 6190 6200 6551 6569 
NN -6629 4022 -5248 
RS 1602 1618 5985 5995 -6102 -6086 
NN 3975 6507 2255 
RS 3714 3726 4403 4406 2378 2393 
NN -3090 -2714 -6285 
RS -6640 -6633 -3512 -3500 4308 4322 
NN 7582 4667 -7107 
RS -308 -298 9290 9308 9893 9908 
NN 906 6122 5054 
RS 5810 5820 -3308 -3298 3266 3285 
NN 3179 -1864 8884 
RS -5325 -5316 5591 5602 6130 6145 
NN -8128 9731 8897 
RS -8912 -8901 1659 1659 3215 3219 
NN 4791 -2489 -5061 
RS 1176 1184 -5434 -5428 -552 -538 
NN -296 -4075 -6953 
RS -4 -3 7596 7603 -1101 -1092 
NN -817 -2420 -6967 
RS 9505 9520 4429 4434 -194 -185 
NN 2644 1727 2844 
RS -2237 -2220 -5729 -5723 -6829 -6818 
NN -6329 7302 -8841 
RS 3953 3966 -8679 -8668 -8756 -8753 
NN -208 -3794 5496 
RS 2413 2413 8802 8812 -8447 -8445 
NN 6201 -682 -4361 
RS -9453 -9453 -5698 -5694 8421 8432 
NN -2809 5192 -4024 
RS -715 -707 1385 1402 -5444 -5429 
NN 970 -8990 -4720 
RS 1591 1594 4185 4191 586 588 
NN 7199 -7414 8083 
RS 8216 8223 4367 4368 728 740 
NN 6551 -6951 9959 
RS 4041 4049 7796 7799 9532 9546 
NN -6063 7777 7642 
RS 3051 3063 2945 2962 -8351 -8331 
NN -6555 -3303 -5002 
RS -5577 -5570 7493 7509 -2193 -2178 
NN -1055 9423 9968 
RS -3213 -3196 9902 9911 -1601 -1600 
NN -8260 7124 8769 
RS -8104 -8100 -8316 -8307 9329 9338 
NN -6114 2152 4544 
RS -280 -276 4477 4478 4403 4419 
NN 150 -9470 3676 
RS 6069 6079 -7651 -7644 -3114 -3111 
NN -6322 9382 -3798 
RS -5028 -5015 -7445 -7426 -910 -903 
NN -2509 -4209 7998 
RS 6819 6826 -2056 -2039 9695 9712 
NN 910 4054 -9598 
RS 9612 9614 9158 9174 -7302 -7290 
NN 9771 -7908 -3628 
RS 6869 6874 -206 -186 6716 6727 
NN 8083 -3055 8496 
RS 7683 7686 4376 4380 -7805 -7785 
NN -2469 6048 -4698 
RS 8197 8211 6902 6904 -6185 -6170 
NN 4433 -23 8532 
RS -813 -801 -3808 -3789 7491 7494 
NN 9868 6237 -1326 
RS 8357 8366 -4474 -4461 5027 5037 
NN 4354 8630 9355 
RS 5882 5899 8814 8816 -1169 -1164 
NN 1758 9526 8111 
RS -417 -417 3591 3595 9356 9368 
NN -3749 2402 -9130 
RS 4839 4842 9229 9248 -7090 -7079 
NN -3058 -6211 -2295 
RS 2127 2146 -170 -165 -3738 -3721 
NN 7609 452 4609 
RS -1836 -1832 -4582 -4571 -2048 -2043 
NN 3809 8393 -1317 
RS 3243 3263 8706 8724 -1166 -1165 
NN 9015 -8155 -7665 
RS -8825 -8822 4028 4035 -7196 -7190 
NN -4113 -7234 -4694 
RS -5864 -5845 5638 5657 -6933 -6932 
NN -869 8677 -5924 
RS 1156 1174 3145 3149 8956 8961 
NN 4028 7027 9851 
RS -1746 -1745 8287 8307 -9782 -9781 
NN -6706 -5627 8296 
RS 9621 9634 6525 6544 -5735 -5720 
NN -4316 5627 -29 
RS -3093 -3093 -6781 -6764 146 161 
NN 7160 -195 -2510 
RS 6362 6368 8180 8194 -3769 -3765 
NN -5578 7574 3027 
RS 1844 1845 -6896 -6889 -728 -718 
NN -5992 6395 -7487 
RS 6502 6521 9491 9505 -6459 -6449 
NN 1261 93 -2947 
RS 5853 5854 6361 6368 7841 7848 
NN 9972 -6380 7759 
RS -5776 -5774 6416 6420 -7585 -7575 
NN -3196 1420 3589 
RS 5527 5542 6905 6925 9261 9262 
NN 9222 -1800 9747 
RS 5135 5149 3466 3480 -2306 -2298 
NN -8372 5151 -6300 
RS 4230 4244 8005 8020 3996 3999 
NN -1977 7332 -5436 
RS -1034 -1024 211 222 -6836 -6818 
NN -6749 -5076 -3213 
RS -5679 -5664 5973 5985 -812 -809 
NN -3273 5636 -2023 
RS 3349 3355 2954 2959 -7359 -7349 
NN -1483 7869 -3605 
RS 7911 7921 -6052 -6048 -9633 -9624 
NN -4705 -9653 -4182 
RS 6575 6577 3595 3604 -1504 -1496 
NN -2594 2789 -8050 
RS -5637 -5633 711 713 -9590 -9589 
NN 4116 -5881 5057 
RS -8024 -8016 2303 2321 522 523 
NN 5342 -3834 6462 
RS 7524 7538 -2197 -2183 8974 8974 
NN 7729 -629 -5558 
RS -3241 -3225 136 142 -8086 -8066 
NN 8858 -6461 -8362 
RS 653 664 4712 4732 -1266 -1251 
NN -7085 -8100 -9460 
RS 9009 9029 -7061 -7052 -2460 -2440 
NN 3800 8727 1301 
RS -9375 -9372 5263 5275 -1573 -1569 
NN 7793 -9539 8684 
RS 7662 7673 -930 -915 738 744 
NN 8362 6881 -6454 
RS -586 -579 5394 5395 5112 5119 
NN 2139 -2293 227 
RS 8881 8881 -1304 -1298 -6258 -6256 
NN 8683 -7936 -8994 
RS 378 391 3103 3109 -7824 -7817 
NN 5929 -1551 -3599 
RS -9767 -9763 170 182 1220 1228 
NN 1023 -8544 -3992 
RS -4491 -4472 3505 3505 1675 1695 
NN 5922 -1982 -5971 
RS 3768 3785 -753 -735 -4981 -4981 
NN 4595 -9320 2741 
RS -8054 -8054 566 585 -8370 -8359 
NN -1626 -8664 4668 
RS 6058 6072 -8831 -8823 -2694 -2676 
NN -613 -2234 5580 
RS -6564 -6552 2605 2619 -1938 -1936 
NN -579 3233 9146 
RS -9426 -9411 7039 7059 -9266 -9250 
NN 5163 4041 -1505 
RS 350 369 5631 5650 3963 3978 
NN 3821 2424 -1018 
RS 2350 2364 5750 5753 -5814 -5810 
NN -2650 9607 -8479 
RS 4382 4402 1392 1394 -5668 -5658 
NN -7652 6332 -2536 
RS 1027 1038 -9018 -9001 9892 9897 
NN -3862 2381 -6768 
RS 9554 9571 5789 5789 -3808 -3797 
NN 5179 -5706 6025 
RS -8568 -8554 -2281 -2281 -912 -906 
NN -7248 -2109 9460 
RS 7266 7284 9524 9526 -3464 -3455 
NN 1043 6767 -2268 
RS 8849 8863 2585 2605 -6722 -6714 
NN 5249 -860 -1441 
RS 9499 9513 7668 7685 6875 6881 
NN 1096 6489 -763 
RS -3779 -3770 7188 7199 3366 3366 
NN 1299 -7227 3660 
RS 9874 9890 -7321 -7309 9489 9501 
NN -4626 -347 -463 
RS 4136 4146 -6533 -6529 -947 -930 
NN 299 -726 -1970 
RS -5940 -5937 -7308 -7304 -7514 -7512 
NN 6730 -7978 8730 
RS -2583 -2573 9036 9038 -1708 -1698 
NN -4458 1306 -9657 
RS -167 -161 3845 3857 -2418 -2408 
NN -5715 5319 7777 
RS 2754 2772 -5477 -5475 -1410 -1396 
NN 9755 2240 -178 
RS -5824 -5822 9538 9554 -724 -704 
NN 2520 9183 -7495 
RS -7623 -7620 947 947 9721 9723 
NN -3492 -9423 1550 
RS 5118 5134 -7593 -7590 7291 7304 
NN 693 7812 -248 
RS 814 822 -6241 -6228 -6127 -6109 
NN -4313 -3687 3532 
RS 3246 3265 5433 5453 -9090 -9076 
NN 2510 -7013 1380 
RS 9151 9160 -8951 -8943 -2623 -2619 
NN 3404 -622 2448 
RS 9860 9864 -3141 -3130 -4796 -4779 
NN -2519 6576 9873 
RS 8638 8657 5908 5928 -6698 -6684 
NN -8899 -977 -4425 
RS 3893 3913 9837 9839 -9894 -9893 
NN 5702 1168 8889 
RS 4767 4771 -8248 -8237 -2943 -2933 
NN -4037 1846 9369 
RS 8705 8721 2342 2359 -925 -924 
NN 4140 291 -6382 
RS 7321 7328 8913 8917 2355 2358 
NN -8829 8471 1791 
RS -9401 -9393 1626 1646 5519 5530 
NN -9999 9861 139 
RS -288 -272 4397 4416 1424 1433 
NN 9979 8989 -6322 
RS 4991 4992 -1033 -1022 5507 5526 
NN 7804 -3976 -9226 
RS -8388 -8387 7597 7607 6162 6170 
NN -3530 7760 5577 
RS 6636 6637 -8177 -8163 -9010 -8999 
NN 984 -11 9507 
RS -2539 -2524 -4069 -4063 9376 9394 
NN -4605 -3066 608 
RS -9933 -9918 7925 7930 3481 3501 
NN -9237 8643 2327 
RS -2609 -2589 1512 1526 2026 2042 
NN -519 1909 -4343 
RS 7790 7808 9889 9903 -6403 -6395 
NN -1285 8110 6630 
RS 3561 3580 3976 3980 -8866 -8851 
NN 7790 -8068 8016 
RS -2532 -2531 4285 4285 8968 8985 
NN 2194 -4278 -1158 
RS 64 77 1293 1296 886 899 
NN 2301 6845 -3546 
RS 1601 1601 -3799 -3783 -7024 -7004 
NN -6056 -4218 3530 
RS -1776 -1756 -4332 -4312 -9336 -9319 
NN -5042 -9735 6128 
RS -6033 -6025 -5026 -5007 9305 9305 
NN 4000 -2107 -5093 
RS 4640 4658 3875 3890 655 666 
NN 7977 -8230 -3552 
RS -6429 -6416 -1432 -1414 7190 7193 
NN -8273 -8976 -1281 
RS 3373 3382 -2041 -2038 4280 4297 
NN 8577 -7719 -8577 
RS 6580 6584 -1087 -1084 -6959 -6942 
NN -7385 -3388 -3369 
RS 756 764 -1267 -1250 8349 8365 
NN -785 3089 9213 
RS 7141 7158 -3277 -3275 -4191 -4174 
NN 3813 -9532 -5393 
RS 9731 9746 9180 9189 -1858 -1848 
NN -6768 8586 -9294 
RS -7597 -7577 3216 3229 -2377 -2371 
NN -9711 6255 2475 
RS -4283 -4270 -479 -460 4784 4804 
NN 3130 -3471 4986 
RS 3990 3990 5012 5018 -5265 -5252 
NN -4347 -353 983 
RS 4143 4160 3383 3402 -546 -543 
NN 1382 -1880 -18 
RS 7246 7261 -5626 -5622 9389 9397 
NN 5197 -1215 4514 
RS 9196 9206 -9044 -9030 -3452 -3438 
NN 2608 -2746 5598 
RS -5451 -5435 9951 9969 -7102 -7099 
NN 6262 -9537 599 
RS -3420 -3408 -1199 -1179 -5015 -5015 
NN 4690 -6852 3901 
RS -9395 -9384 -4035 -4027 3044 3058 
NN 5360 8100 -7916 
RS -432 -416 1814 1832 8139 8157 
NN 4786 -6023 -4428 
RS 1480 1485 8206 8216 -9359 -9352 
NN 9669 6585 -4205 
RS 9609 9625 -5074 -5056 -2319 -2306 
NN -9403 -2593 3 
RS -4367 -4351 -6708 -6705 -6856 -6847 
NN 5620 -249 -5869 
RS -1883 -1883 1805 1813 -4599 -4599 
NN 3508 5709 -9115 
RS 45 50 4838 4838 -368 -351 
NN -5512 -8752 -6867 
RS -2041 -2024 1197 1215 7957 7964 
NN -3296 -6641 -2201 
RS -2413 -2398 -6725 -6705 -176 -175 
NN 9601 -4297 -4920 
RS -231 -213 9051 9060 -9280 -9264 
NN 5242 -1320 -6465 
RS 4953 4956 -7468 -7464 -2112 -2095 
NN 1207 672 -1539 
RS 8511 8526 4430 4442 -7735 -7716 
NN 4971 9048 -1745 
RS 7752 7759 3268 3288 7652 7653 
NN 9560 5610 9940 
RS -6136 -6120 4411 4414 -526 -509 
NN 3256 6063 -8837 
RS 5457 5461 7747 7754 5786 5797 
NN -5069 6317 3016 
RS 3010 3019 6417 6417 2448 2468 
NN -7271 -324 9133 
RS 1957 1958 -1963 -1959 872 884 
NN -3307 -4125 2128 
RS -4339 -4325 3240 3240 3217 3221 
NN -7272 -4048 7018 
RS 3515 3534 5451 5471 4390 4391 
NN -7705 7145 6089 
RS 1813 1828 -2746 -2743 -176 -156 
NN 6177 2656 -6028 
RS 5736 5744 -7159 -7157 2185 2198 
NN 8417 6424 -4351 
RS -7024 -7020 6174 6189 3348 3368 
NN 1390 9538 -2457 
RS 3748 3762 -786 -768 -5792 -5772 
NN -2427 5666 1985 
RS -2809 -2800 3723 3743 -2060 -2046 
NN 6283 5049 -3084 
RS 1413 1420 -2014 -2012 4248 4266 
NN 6617 -9854 2222 
RS 3367 3373 4356 4375 3807 3817 
NN 4297 -2759 3732 
RS 1374 1374 -3667 -3652 -8368 -8355 
NN 5041 6905 8601 
RS -4026 -4008 -1511 -1509 6262 6277 
NN -9165 -5195 -8042 
RS -3143 -3123 7733 7737 -4506 -4496 
NN 6554 -177 -5525 
RS 7163 7178 -806 -787 -8490 -8480 
NN -5811 -9918 -2675 
RS 3953 3958 -3933 -3916 393 394 
NN 697 -8267 -5186 
RS -3345 -3330 9784 9792 -6092 -6078 
NN 4017 3109 -7977 
RS 8515 8517 -8311 -8300 -2802 -2786 
NN -8874 3042 9009 
RS 1086 1106 1838 1841 -8603 -8587 
NN 3376 6672 -5311 
RS -4754 -4750 -2692 -2680 1704 1707 
NN 2348 2395 -975 
RS 3318 3321 2929 2941 714 725 
NN 7906 -3721 -5053 
RS 5005 5014 4727 4741 -4830 -4829 
NN -7921 -1904 -2499 
RS 7472 7489 -6719 -6703 9281 9296 
NN -1994 6717 2937 
RS 3465 3472 3838 3840 2700 2700 
NN 1331 164 -9720 
RS -4499 -4481 -7270 -7270 9303 9307 
NN 7997 6029 8160 
RS -1525 -1516 -4544 -4531 -8129 -8115 
NN -1783 9884 -7702 
RS 7577 7591 4911 4927 -4530 -4517 
NN 9816 7318 4038 
RS -6872 -6867 892 912 7451 7459 
NN 1532 -2179 -8549 
RS -5057 -5057 2357 2366 8875 8892 
NN -8797 6143 4531 
RS -687 -675 4648 4652 -4965 -4948 
NN -6211 -1074 -4135 
RS 3083 3101 -4094 -4089 -3262 -3250 
NN 49 3358 842 
RS 3192 3195 608 614 -1532 -1520 
NN -27 -3764 2689 
RS -3170 -3161 -1004 -994 -3562 -3557 
NN -5605 2637 4234 
RS 3546 3564 701 710 7587 7599 
NN 7374 4226 4044 
RS 8773 8787 -4685 -4673 -779 -769 
NN 9912 -8803 5865 
RS 1592 1608 3855 3873 -9891 -9876 
NN 332 4830 -4221 
RS 1037 1048 4348 4359 -4399 -4379 
NN 4969 3176 -4110 
RS 6441 6441 2534 2545 -7138 -7130 
NN -1298 6942 -5517 
RS -6098 -6092 -8548 -8538 -8791 -8779 
NN 9335 7509 8089 
RS 9741 9746 7897 7906 3147 3160 
NN 2128 7923 7467 
RS 2809 2811 -363 -343 -4628 -4615 
NN -179 -2509 1096 
RS 836 855 9540 9557 7910 7926 
NN -4679 -7003 -8895 
RS 8041 8044 -301 -297 9983 9983 
NN -4008 -6109 6436 
RS 367 367 -8999 -8986 -8928 -8925 
NN -2008 -4060 597 
RS 5504 5507 9533 9535 -824 -814 
NN 2757 -1194 8744 
RS -7404 -7395 3342 3343 -9379 -9377 
NN -8013 -3818 5258 
RS -6963 -6946 -7753 -7750 -3052 -3042 
NN -8905 -9532 -4963 
RS -6044 -6040 -2769 -2766 106 107 
NN -4991 -5659 -6817 
RS -2793 -2779 -4908 -4903 6720 6725 
NN -8645 4235 8768 
RS 8334 8352 -4565 -4555 -564 -546 
NN 4398 -8870 7943 
RS -3227 -3215 -1202 -1190 8495 8495 
NN -1234 626 -217 
RS 9138 9144 4200 4219 2756 2769 
NN -3339 1603 -9535 
RS 4984 4997 5535 5539 3463 3468 
NN 6041 344 -531 
RS 2197 2199 -5667 -5654 490 497 
NN 6718 -2886 -1245 
RS -6143 -6139 -4340 -4328 2762 2772 
NN -1474 4639 8724 
RS 3769 3784 8422 8425 -5506 -5495 
NN -4868 -3435 -1164 
RS -3462 -3454 -1632 -1630 7654 7663 
NN -3387 3339 9586 
RS 6972 6986 -5076 -5069 -8214 -8206 
NN 2563 -5378 7497 
RS -4487 -4471 6776 6785 1341 1359 
NN 9623 6610 -9363 
RS 2379 2397 6394 6403 5499 5504 
NN 7663 -8252 9318 
RS -872 -859 -192 -173 8373 8382 
NN 8683 -8142 4950 
RS -261 -246 -5492 -5489 -2844 -2831 
NN -7828 -2873 -762 
RS 5324 5325 9124 9140 2708 2708 
NN 5844 3853 2238 
RS -9299 -9280 203 219 -2172 -2161 
NN 2333 -6210 -3758 
RS 2492 2499 -6056 -6049 132 148 
NN 786 7897 -8823 
RS -5228 -5214 -2304 -2298 436 441 
NN 126 -7713 -5322 
RS 7464 7483 3357 3367 -1458 -1455 
NN -7779 3801 -7788 
RS 2626 2635 6848 6866 -1922 -1906 
NN 4664 -3555 8893 
RS 4582 4588 8034 8043 1420 1431 
NN 2462 8193 -361 
RS -4543 -4534 2840 2860 -6397 -6387 
NN -3308 -5654 4103 
RS -800 -792 -9623 -9612 773 773 
NN 8342 -1274 -9355 
RS 36 45 -2897 -2887 -3862 -3860 
NN -594 5159 -2230 
RS -4007 -4003 6625 6637 327 329 
NN -2679 -8 3954 
RS -5661 -5657 -5920 -5915 2947 2953 
NN 9261 3167 -1522 
RS -2316 -2296 -3935 -3923 5161 5173 
NN -4295 3258 7533 
RS 7275 7277 -264 -251 -1334 -1329 
NN -4565 -8879 6633 
RS -4321 -4301 -9417 -9402 -8777 -8769 
NN 6198 -979 -7822 
RS 4225 4236 -6547 -6527 -4507 -4503 
NN 5434 2659 -2398 
RS -3231 -3221 4234 4241 1022 1027 
NN 6424 7910 -2607 
RS 3188 3205 -221 -206 -2000 -1988 
NN -887 7320 7922 
RS -8283 -8281 -5811 -5801 3047 3053 
NN 166 -8177 4098 
RS 7807 7826 9834 9845 -5935 -5917 
NN 1202 -5690 -9832 
RS -9747 -9742 -1698 -1688 6375 6391 
NN -5742 -9811 9405 
RS -9410 -9409 9167 9184 5844 5849 
NN -9966 -8142 8416 
RS -2250 -2234 8772 8772 5773 5777 
NN 7472 -2156 -3016 
RS -5463 -5448 2854 2868 -850 -838 
NN 8265 -476 2208 
RS 6570 6581 4689 4689 -3886 -3883 
NN -215 -2144 4652 
RS -286 -282 6668 6668 -7266 -7248 
NN -276 -8444 -2901 
RS 7446 7462 8245 8256 4835 4855 
NN -2856 4741 8454 
RS -6462 -6442 878 888 8759 8775 
NN -2583 -7085 -5480 
RS -404 -400 -7930 -7926 -5166 -5155 
NN 3906 6824 -9560 
RS 2068 2074 -4923 -4906 5675 5693 
NN 6629 -2341 884 
RS -6260 -6259 437 446 4763 4772 
NN -7110 4185 -6226 
RS 1675 1685 -4824 -4804 -3090 -3080 
NN -4592 410 5476 
RS -6752 -6741 125 140 -6976 -6969 
NN -9592 -415 -8993 
RS -199 -182 8877 8895 4731 4748 
NN -9851 7870 -6271 
RS 6579 6590 9757 9771 -9211 -9193 
NN -1272 1449 -7889 
RS 5842 5858 -8939 -8926 -8373 -8356 
NN -6232 -5116 5219 
RS 5295 5313 -8527 -8509 1325 1345 
NN -6910 -2665 -7936 
RS -6394 -6390 624 634 -5390 -5390 
NN -7642 4987 7185 
RS 4955 4965 4247 4262 8797 8817 
NN 3177 1415 -6698 
RS 3674 3690 -7699 -7694 5399 5410 
NN -5180 3986 -7315 
RS -3691 -3681 3251 3259 -1177 -1176 
NN -2533 -4610 9645 
RS 806 818 1299 1309 -4447 -4438 
NN 7389 7608 -3008 
RS 6927 6935 8641 8641 -8097 -8094 
NN -6329 5489 1666 
RS 339 352 8928 8933 -5887 -5879 
NN 4930 810 -6166 
RS -6911 -6901 -3061 -3041 8872 8886 
NN -6569 -849 -4527 
RS 3701 3719 -32 -25 6997 7002 
NN 6445 -8005 311 
RS 1951 1961 1037 1054 3422 3423 
NN 3051 4784 3052 
RS 1836 1837 -3158 -3146 6212 6231 
NN -6142 1180 -5824 
RS -8105 -8093 -2568 -2557 6200 6209 
NN -5412 -5742 -6757 
RS -6761 -6757 7343 7355 5062 5068 
NN 9056 -9667 8849 
RS 5918 5933 -5444 -5425 1294 1305 
NN 3173 5513 -7955 
RS -5402 -5386 8478 8482 -71 -54 
NN 4234 8106 -3617 
RS -972 -968 -9585 -9581 -1213 -1197 
NN -7356 2058 4459 
RS 3286 3297 8309 8326 4504 4505 
NN -7976 -4896 -6488 
RS 1159 1161 7979 7984 -9837 -9822 
NN 7588 -2068 8234 
RS -6367 -6350 -8107 -8092 9774 9781 
NN -6522 -3927 -8832 
RS -5000 -4994 -6045 -6026 -7089 -7070 
NN 905 7193 1297 
RS 5080 5100 3423 3435 -4110 -4092 
NN -8500 7211 9984 
RS -3010 -3002 2792 2801 5738 5754 
NN 9846 8696 -9105 
RS -6574 -6573 5313 5319 -9831 -9819 
NN 5204 -478 -6715 
RS -4392 -4373 -3088 -3071 8269 8283 
NN 7892 9955 -2905 
RS 2526 2542 -6847 -6833 -7479 -7459 
NN -2128 -532 -865 
RS 4637 4645 -946 -940 9019 9027 
NN 1487 -7028 -9342 
RS -877 -875 -9983 -9966 636 654 
NN 9608 2841 4847 
RS -1961 -1946 -3892 -3873 -9903 -9896 
NN -212 -4979 -1078 
RS 8210 8228 3858 3876 -8779 -8763 
NN -8816 5126 -8727 
RS -7847 -7839 -3879 -3859 420 429 
NN -7831 -4847 3084 
RS 4752 4771 -6638 -6625 1043 1057 
NN 8691 61 -1621 
RS 3457 3473 1664 1665 6158 6168 
NN -5221 -3294 -3432 
RS 3424 3428 -924 -910 5799 5802 
NN 1188 722 2577 
RS -4189 -4170 4806 4820 -3834 -3831 
NN -3249 -1118 3034 
RS 3320 3330 -1237 -1218 -3433 -3413 
NN 8521 8222 -7452 
RS -298 -287 -32 -27 -3313 -3298 
NN 1261 2351 4268 
RS -7231 -7216 -3892 -3883 3715 3715 
NN -2239 3541 -6777 
RS -4360 -4346 -464 -447 9726 9732 
NN -5368 5533 -7995 
RS -36 -18 7244 7258 -2761 -2745 
NN 5156 9868 -1829 
RS -831 -827 -7182 -7175 533 536 
NN 8415 -808 -4780 
RS -7547 -7545 7349 7369 -9039 -9024 
NN 9079 3856 2008 
RS 5918 5933 2619 2636 -4514 -4508 
NN -3081 9358 -3658 
RS 9255 9258 -6095 -6084 1258 1276 
NN 9081 6831 -3020 
RS -3091 -3075 -7744 -7740 3787 3802 
NN -5274 283 6587 
RS 7088 7088 -3117 -3109 8226 8238 
NN 4648 -7090 263 
RS 3735 3744 -3384 -3380 -392 -392 
NN 6966 -1619 -1701 
RS 7950 7970 9447 9449 3990 4006 
NN -7931 8169 4364 
RS 3189 3203 -8741 -8722 -2436 -2436 
NN -834 -6850 -5610 
RS 4171 4172 -5632 -5630 4781 4785 
NN 9655 -8264 -6256 
RS -8195 -8187 9528 9548 -322 -308 
NN 3169 2108 8206 
RS 3902 3919 3112 3121 1346 1360 
NN 583 3242 9095 
RS 5891 5909 6946 6960 8739 8741 
NN -2373 -4545 -4863 
RS -4691 -4687 1021 1034 -5036 -5029 
NN 5844 4371 3271 
RS 8865 8884 1468 1468 -4911 -4904 
NN 5514 3925 3678 
RS 9284 9294 1095 1112 -1780 -1766 
NN -7240 9103 765 
RS 2741 2742 -9861 -9849 -96 -96 
NN -2994 6781 9501 
RS 333 349 6990 6998 6868 6871 
NN -3316 927 -5918 
RS 4584 4598 6684 6701 -5248 -5243 
NN -4226 5295 -6100 
RS 9910 9910 -4921 -4902 -6057 -6046 
NN -7536 -1903 7959 
RS 1039 1045 -7587 -7578 -3657 -3644 
NN 2229 4323 -2160 
RS -9290 -9282 -8428 -8427 1530 1542 
NN 80 632 3054 
RS 6877 6878 -2016 -2008 -876 -863 
NN 7903 -2979 8020 
RS -7794 -7791 -8371 -8354 1619 1630 
NN 271 -1271 396 
RS -4682 -4680 8402 8403 2366 2375 
NN -4243 8983 -826 
RS 7562 7565 2875 2885 -7478 -7469 
NN -741 4350 2427 
RS -5502 -5502 -3501 -3491 -1853 -1849 
NN -1651 -574 1046 
RS 2200 2202 -5871 -5863 -6471 -6456 
NN -2696 6552 -9900 
RS 5574 5590 9970 9974 8656 8660 
NN -5141 8618 4713 
RS -5161 -5151 6243 6248 3692 3700 
NN -8967 1946 -7666 
RS 3489 3494 7251 7271 -8276 -8257 
NN -4870 8172 -1097 
RS 1841 1843 6534 6553 -6436 -6431 
NN -7375 8949 -3827 
RS 7566 7576 7133 7138 5327 5343 
NN 1769 -5789 8629 
RS -5219 -5199 6362 6366 -12 -4 
NN -9746 8304 1638 
RS -4108 -4089 -1840 -1839 3163 3183 
NN 1958 -621 -8778 
RS -5854 -5836 2165 2165 -2138 -2124 
NN 6403 -675 746 
RS -4854 -4849 8980 8988 1175 1176 
NN 7334 409 -5583 
RS -6873 -6861 -977 -959 7137 7154 
NN 3610 4229 -1829 
RS -2562 -2559 -1416 -1400 394 411 
NN 553 -2989 4648 
RS -3763 -3744 -4749 -4738 9183 9192 
NN -6195 -3123 1189 
RS -5149 -5134 6801 6821 -7558 -7554 
NN 4100 4560 -334 
RS -5233 -5230 -7764 -7747 2405 2417 
NN 2142 7713 -2832 
RS 3674 3677 6207 6224 3391 3401 
NN -4982 532 5296 
RS -892 -884 -7896 -7889 3680 3683 
NN -964 -4293 1677 
RS -8101 -8081 4230 4248 9088 9093 
NN 9060 -3717 -2964 
RS 5116 5129 -5593 -5581 -1750 -1731 
NN 5111 6777 9456 
RS -9650 -9639 3350 3361 -3269 -3251 
NN -596 1635 1943 
RS 1274 1282 3975 3986 -2559 -2546 
NN 3283 -5783 -957 
RS 6971 6979 -827 -818 1520 1536 
NN -5602 5151 -9187 
RS 4463 4470 -3218 -3202 9326 9337 
NN -4679 6510 6220 
RS 2976 2983 -5806 -5791 -3378 -3361 
NN -3992 -7313 5277 
RS 1335 1350 -2616 -2608 -5190 -5184 
NN 4941 968 2406 
RS -7766 -7764 4834 4841 2438 2439 
NN -2464 455 -6110 
RS 7989 8006 -3413 -3401 1200 1206 
NN -3091 5860 -8512 
RS 2890 2896 8558 8562 7145 7158 
NN 2425 -7908 -563 
RS 4725 4733 -6154 -6143 -4322 -4310 
NN -5336 -6022 -1156 
RS 2122 2138 -6547 -6544 5445 5454 
NN 4498 7273 -1983 
RS -5290 -5281 -5962 -5952 8392 8405 
NN -743 -9098 5022 
RS 5349 5352 -8407 -8396 -1797 -1791 
NN -9380 1096 -4422 
RS -7779 -7763 -3633 -3624 -2599 -2592 
NN 2502 5632 -6302 
RS -3547 -3542 -3963 -3956 2750 2754 
NN -83 -573 -4078 
RS -8730 -8720 4660 4679 -4072 -4053 
NN 1491 5783 -3843 
RS -8595 -8578 8790 8805 5910 5912 
NN 1042 5590 -5905 
RS 3572 3579 9288 9300 5490 5503 
NN 3773 3575 1414 
RS 677 685 -7487 -7476 6957 6964 
NN -2381 -6628 4659 
RS -3675 -3674 -2207 -2198 -45 -33 
NN 137 3309 750 
RS -248 -231 -7769 -7768 8422 8434 
NN 3604 -5922 8591 
RS 4809 4813 -110 -92 -7035 -7018 
NN -3022 -2675 1810 
RS -3389 -3384 4094 4107 5173 5180 
NN -6926 -7391 -748 
RS 6655 6671 -9414 -9411 2643 2661 
NN 2161 8106 1871 
RS 4241 4257 8168 8176 5588 5605 
NN -7947 -8181 1391 
RS -6494 -6483 7506 7511 -3835 -3832 
NN -2509 -9570 -543 
RS 202 208 2603 2608 9477 9487 
NN -3055 3937 9934 
RS -6705 -6702 -1485 -1478 8504 8513 
NN -41 1036 3315 
RS 9904 9910 -3568 -3566 3677 3680 
NN -1234 1668 -1195 
RS -2679 -2666 1531 1541 6776 6780 
NN -806 -5881 3742 
RS 9747 9747 -5199 -5196 6410 6419 
NN 8362 5530 6573 
RS 4377 4378 -6626 -6616 -527 -510 
NN 4299 -4113 -1391 
RS 6573 6574 427 443 -331 -313 
NN 1440 -3921 7139 
RS -3057 -3039 680 692 -4478 -4472 
NN 6082 -2064 -7016 
RS 9317 9319 -1409 -1403 5395 5409 
NN -2885 1771 1860 
RS 1151 1160 1342 1359 -5367 -5356 
NN 5270 7379 -673 
RS -47 -43 7471 7490 6717 6723 
NN 78 -1326 2450 
RS 4979 4987 -6098 -6080 -6003 -5997 
NN -5584 -746 -7188 
RS 5864 5882 -3973 -3954 -5755 -5737 
NN -7660 -6775 1847 
RS 2492 2508 4567 4574 -3027 -3010 
NN 1845 -3196 2459 
RS 2256 2271 8219 8230 4046 4050 
NN -3132 -5264 -9112 
RS -1312 -1301 -7058 -7039 -3006 -2986 
NN -4729 5817 1928 
RS 8757 8769 -240 -233 1191 1205 
NN 5751 -5230 8808 
RS -6144 -6131 3918 3934 3914 3928 
NN 5813 618 -7905 
RS 1736 1738 1006 1021 -7942 -7927 
NN -6469 -9849 -493 
RS 8677 8692 5173 5181 9984 9984 
NN 9116 7407 -6658 
RS 4449 4454 4397 4411 6301 6308 
NN 8635 -5833 2885 
RS 7149 7154 -6510 -6497 -4257 -4237 
NN -9211 5184 1252 
RS 3464 3467 -8479 -8477 -9101 -9094 
NN 1403 5642 -3312 
RS -1833 -1824 -2628 -2612 -414 -408 
NN 75 -7084 6951 
RS 6835 6837 5312 5317 -9185 -9178 
NN -8536 4758 -1419 
RS 3141 3151 -3903 -3887 -7804 -7803 
NN -5180 8835 -9342 
RS 9066 9076 9736 9751 -9291 -9288 
NN -628 6359 6534 
RS 2734 2752 -1181 -1167 -6923 -6911 
NN -4358 6310 -5277 
RS 6832 6840 -1244 -1237 -1909 -1889 
NN -120 2963 5574 
RS 53 66 -3738 -3731 7673 7689 
NN 5776 4097 5500 
RS -6009 -5994 -5475 -5474 -4965 -4949 
NN 3579 5874 -1817 
RS -45 -32 -6550 -6540 2912 2912 
NN -2436 2207 -7764 
RS -7647 -7644 1723 1737 -1033 -1014 
NN 9251 -1174 -4456 
RS 3248 3251 5749 5751 6871 6887 
EXIT
